Object Time Texp U B
V R
tok 19:15:15 10 58 43
797 268
- 19:15:26 10 52 28
774 299
fon 19:19:30 10 1611 6115
10095 1136
- 19:19:42 10 1571 6094
10161 1095
- 19:19:54 10 1600 6060
10169 1142
comp 19:21:10 10 14890 157375
149390 6979
- 19:21:23 10 14910 158508
149838 7064
- 19:21:35 10 14862 159898
150520 7140
fon 19:40:50 10 1558 5417
9653 994
- 19:41:01 10 1514 5332
9739 1048
- 19:41:12 10 1444 5452
9793 1050
comp 19:43:39 10 14649 156098
148931 7083
- 19:43:50 10 14560 156572
148683 7254
- 19:44:19 10 14782 156727
148952 7281
fon 20:05:10 10 1417 5462
9935 1057
- 20:05:24 10 1528 5425
10052 1098
- 20:05:38 10 1555 5571
9974 1086
comp 20:07:08 10 14180 157822
148723 7228
- 20:07:19 10 14182 157223
149587 7303
- 20:07:31 10 14248 156684
149413 7245
fon 20:32:12 10 1535 5584
10084 1077
- 20:32:27 10 1456 5344
9914 1044
- 20:32:40 10 1497 5551
9759 1059
comp 20:34:57 10 13339 155942
145529 7085
- 20:35:11 10 13850 154006
145734 7007
- 20:35:11 10 13850 154006
145734 7007
comp 20:35:42 10 13586 155226
146089 7079
- 20:35:54 10 13547 154348
145695 7169
- 20:36:07 10 13631 153834
145849 7200
fon 20:58:24 10 1520 5601
10478 1164
- 20:58:38 10 1514 5395
10399 1120
- 20:58:51 10 1569 5629
10380 1144
comp 21:00:57 10 12527 147278
139085 6243
- 21:01:10 10 12547 148558
139648 6254
- 21:01:22 10 12651 147498
139897 6282
fon 21:21:39 10 1613 5796
10719 1104
- 21:21:50 10 1632 5783
10969 1119
- 21:22:02 10 1677 5791
10795 1133
comp 21:23:48 10 11611 141074
140682 7151
- 21:24:00 10 11852 140826
141390 7088
- 21:24:12 10 11673 141321
141583 7072
fon 21:55:39 10 1771 6265
12532 1249
fon 21:56:49 10 1706 6247
12339 1315
- 21:57:04 10 1732 6309
12455 1308
- 21:57:17 10 1715 6177
12708 1275
comp 21:59:21 10 9658 127187
133807 6522
- 21:59:34 10 9933 127383
133827 6834
- 21:59:46 10 9965 126620
133793 6584
fon 22:10:40 10 1907 6528
13860 1368
- 22:10:58 10 1796 6499
13955 1362
- 22:11:11 10 1879 6617
13724 1302
comp 22:12:52 10 9062 121704
132410 6622
- 22:13:05 10 9131 119204
131689 6850
- 22:13:18 10 8946 119311
132225 6689
fon 22:24:01 10 1846 6961
14727 1385
- 22:24:18 10 1890 6816
14676 1350
- 22:24:30 10 1938 6816
14720 1352
comp 22:26:30 10 7990 115003
131144 6696
- 22:26:43 10 8206 114117
130530 6741
- 22:26:55 10 7978 112830
129933 6660
fon 22:28:00 10 1941 7294
15378 1468
- 22:28:13 10 1935 7353
15296 1481
- 22:28:26 10 1915 7434
15291 1396
tok 22:29:31 10 78 45
778 291
- 22:29:44 10 59 42
801 320